1
445 2700 90581 83503
363 61
372 57
99 407
138 44
124 84
442 427
431 430
432 323
49 426
356 357
3 64
51 408
391 353
292 225
16 161
95 416
303 178
330 331
175 188
78 77
315 355
124 141
21 67
367 443
310 56
340 423
16 296
57 170
341 23
17 84
204 218
288 217
410 316
360 123
2 303
73 317
53 203
428 345
391 152
100 360
335 366
366 226
184 312
427 189
244 71
67 339
115 361
440 114
134 363
7 414
404 156
378 112
275 347
157 440
370 354
265 245
310 409
337 303
336 250
253 93
34 180
237 157
347 159
430 58
176 254
173 6
173 151
354 413
384 139
277 74
211 268
292 152
319 307
440 201
38 407
407 225
68 224
240 206
200 444
197 381
222 48
3 437
345 435
162 387
155 38
116 381
294 357
406 334
81 438
43 65
61 357
35 258
245 4
380 303
277 196
229 89
171 179
107 340
113 55
107 225
186 437
402 367
22 421
218 111
396 151
154 165
73 50
174 391
108 122
43 220
219 59
425 426
256 338
194 105
24 158
7 144
405 20
289 361
58 326
220 201
244 320
129 332
85 362
140 82
154 164
348 364
169 37
346 205
217 406
218 199
137 49
176 228
364 161
409 287
63 169
238 89
441 157
107 390
173 245
262 347
241 93
210 9
87 103
87 395
101 66
107 102
211 194
40 411
282 192
403 261
158 436
303 50
73 115
60 265
19 117
355 317
370 99
133 145
142 187
348 226
39 443
357 81
119 14
325 109
218 154
126 106
205 96
244 270
85 232
179 218
76 278
134 177
164 68
17 343
427 394
355 9
44 342
150 146
303 130
321 377
48 224
1 220
347 128
403 44
397 159
311 321
189 14
223 307
214 179
272 118
211 275
272 359
257 229
110 107
224 395
266 219
429 75
318 104
144 223
142 27
238 304
388 32
233 297
129 365
364 104
314 67
294 188
433 417
287 289
202 211
109 193
226 38
60 35
174 318
85 370
27 177
382 178
186 405
81 293
130 230
160 193
364 438
77 75
220 166
89 385
91 152
424 391
175 24
75 329
433 189
267 244
186 59
438 247
312 139
329 297
109 311
297 83
57 140
445 301
15 329
59 250
41 298
204 85
283 206
437 222
150 381
287 104
85 78
191 324
391 54
105 263
172 213
260 333
130 292
119 444
237 438
344 325
260 91
167 48
392 378
146 364
294 265
11 22
140 343
218 72
191 189
346 42
434 210
283 310
33 285
15 236
143 132
237 281
443 182
365 323
432 110
334 237
48 304
272 36
189 205
31 41
69 31
117 126
235 216
43 204
231 54
337 420
427 120
108 186
129 212
274 299
219 31
114 417
409 298
376 352
101 348
227 301
268 103
439 173
1 292
206 209
2 206
433 343
136 350
111 210
79 359
182 322
96 68
152 322
127 86
329 337
148 409
382 120
7 84
128 264
257 39
407 305
437 190
287 423
303 416
347 283
93 12
290 316
147 54
56 271
434 205
343 295
31 156
92 186
5 375
115 31
273 139
241 442
382 388
159 142
376 54
288 97
214 317
438 243
289 87
321 157
371 233
424 98
384 48
203 29
181 374
247 163
95 340
219 344
416 338
159 86
62 437
42 377
234 164
384 23
375 216
299 387
330 15
274 155
274 67
295 117
119 20
410 109
140 197
160 389
360 328
305 248
225 314
297 9
148 434
283 121
33 88
221 192
396 207
343 393
177 402
3 337
168 261
352 47
423 103
149 299
196 428
343 101
75 390
193 441
229 251
373 262
285 69
182 444
196 334
13 352
237 142
348 41
85 50
117 303
221 205
300 221
66 84
379 43
250 76
12 311
109 260
392 64
135 441
15 386
349 273
198 235
128 214
424 102
222 42
122 256
377 336
357 261
110 222
263 38
83 279
325 402
397 118
349 343
259 248
259 43
178 8
384 18
184 216
58 94
25 246
15 378
274 216
23 31
287 218
435 55
328 92
85 188
19 306
126 103
194 240
331 223
162 239
441 56
219 373
178 389
77 121
422 252
172 285
178 92
372 422
48 424
296 64
277 79
75 256
415 51
325 177
29 177
383 201
439 44
383 208
334 229
328 80
60 293
23 14
27 135
361 132
141 208
183 289
90 375
30 249
155 301
147 199
165 79
295 79
42 400
128 53
241 319
403 315
129 181
167 185
378 340
365 64
80 188
161 444
238 233
150 148
20 93
81 403
149 209
406 146
332 113
328 41
82 424
258 266
158 60
95 346
165 32
5 108
197 175
6 440
88 316
277 42
203 412
46 9
321 148
26 133
133 285
207 21
422 339
225 281
60 36
412 346
238 403
49 153
151 296
131 121
5 286
22 357
269 148
292 235
315 108
269 348
309 171
248 221
394 28
348 124
108 271
330 176
90 57
245 271
347 397
356 172
370 23
33 112
356 224
420 436
59 324
322 304
53 200
405 286
291 374
424 334
391 330
432 105
189 432
42 386
164 300
165 311
267 97
352 36
92 181
39 38
232 92
173 74
409 102
259 286
376 68
348 3
131 5
176 106
41 88
347 181
35 50
123 350
277 269
101 430
127 310
146 338
24 292
243 49
155 84
445 119
381 217
343 58
122 275
17 440
288 192
202 338
297 27
325 141
310 347
265 56
42 431
4 16
166 292
349 322
49 213
282 126
230 60
53 44
75 267
209 88
141 48
39 97
398 92
313 213
16 83
95 424
407 380
384 315
366 140
74 267
440 368
76 407
75 177
33 382
375 180
325 438
327 277
251 69
72 412
46 338
276 157
130 306
256 371
266 25
437 134
202 285
161 145
249 225
411 189
199 192
430 11
439 130
291 103
426 254
204 341
108 25
338 226
330 236
48 238
211 304
148 95
44 62
325 78
73 294
399 29
230 47
69 45
425 297
221 303
17 95
334 183
218 54
145 50
244 130
146 185
81 243
10 31
61 412
416 399
269 73
425 354
108 257
115 402
251 335
29 157
251 342
319 155
281 286
174 398
364 151
296 363
179 352
9 226
283 174
198 445
27 280
281 410
369 159
100 412
288 291
187 173
64 210
301 188
255 82
196 165
408 375
255 438
79 9
119 150
50 412
167 139
39 54
339 81
129 21
145 155
294 118
217 280
415 10
357 20
332 349
171 201
275 46
243 236
123 298
36 201
65 102
439 180
239 286
357 274
198 441
312 419
9 119
349 25
238 357
431 401
279 19
97 411
82 170
48 57
275 4
158 389
231 183
421 137
302 180
342 101
128 150
109 166
132 363
277 235
102 184
334 192
384 260
304 260
228 357
75 321
444 442
405 433
155 272
400 203
184 190
56 235
399 138
349 49
178 309
13 376
411 92
397 19
169 34
325 62
100 386
300 359
213 408
106 367
79 403
124 342
416 305
319 82
45 295
86 335
254 399
20 289
284 248
361 139
323 80
94 13
228 61
280 93
388 46
25 396
224 310
365 444
205 362
399 327
198 62
413 234
409 286
276 266
302 153
56 60
148 326
371 82
345 178
154 372
403 144
436 212
245 122
71 276
161 87
185 62
135 220
132 433
62 146
332 329
290 425
358 159
40 295
103 311
203 317
396 263
144 294
156 81
112 201
319 168
382 440
113 326
62 195
326 62
262 132
378 360
213 225
391 350
158 354
429 13
150 19
21 85
434 297
301 308
90 161
93 361
9 386
321 434
167 290
140 180
55 325
319 115
357 148
148 155
55 147
274 42
414 349
299 22
322 153
325 354
243 284
398 46
248 25
208 21
87 41
355 322
432 391
92 32
328 411
352 128
405 242
319 51
96 374
59 210
40 250
334 266
54 225
137 381
62 211
300 162
351 341
298 108
60 322
250 92
134 65
204 437
128 177
201 399
250 266
420 349
359 245
313 257
10 12
288 173
232 60
418 194
5 370
166 444
264 432
416 351
69 298
291 173
33 225
297 205
267 416
378 216
286 337
316 433
321 440
2 174
203 439
350 87
393 274
249 406
267 55
401 70
45 201
401 52
223 340
76 127
148 300
55 235
141 182
319 69
127 380
368 180
174 183
343 310
286 372
387 256
146 184
318 414
394 360
158 9
145 301
195 44
3 53
183 145
110 28
168 399
244 151
177 189
178 44
111 293
424 193
179 186
371 69
27 5
424 38
145 405
135 229
41 241
53 43
67 281
383 110
407 255
444 426
155 230
148 262
219 186
3 32
252 29
195 332
176 123
273 360
228 395
415 70
116 442
400 120
225 349
273 317
237 279
90 154
191 320
81 430
268 310
321 5
132 231
311 248
198 310
43 190
382 326
161 213
258 172
346 11
241 192
309 132
314 249
99 49
393 263
146 205
289 102
222 372
385 49
35 412
168 223
172 98
55 424
402 299
5 25
418 26
8 9
11 194
275 270
174 232
44 78
405 275
122 231
64 15
151 3
342 425
49 408
117 225
45 338
226 108
340 155
37 122
396 231
130 77
66 263
325 197
351 292
123 202
238 8
240 247
151 164
221 107
386 376
249 182
198 164
134 139
253 371
180 33
417 161
63 295
284 39
192 442
133 368
330 190
232 221
55 315
350 304
301 33
2 297
26 99
85 168
51 64
78 238
426 62
401 426
404 419
215 65
304 168
238 118
31 367
2 78
330 12
409 192
428 10
373 4
303 123
141 288
215 246
344 75
229 102
435 397
382 386
142 324
303 271
162 405
264 206
380 308
197 34
15 263
360 237
430 80
311 150
211 144
180 98
189 22
49 246
108 172
247 109
426 8
417 445
287 325
323 79
346 85
45 1
312 102
314 279
196 151
360 128
240 339
340 53
333 134
329 288
354 225
155 186
66 399
16 89
389 193
33 310
5 298
201 237
422 355
404 353
12 271
148 299
280 433
26 237
260 5
306 188
224 290
324 211
146 259
52 429
436 166
223 127
429 270
190 83
229 153
416 15
122 75
371 68
286 167
39 59
331 41
274 389
367 256
124 352
200 240
254 347
36 221
199 286
373 259
126 433
226 13
411 125
89 106
272 427
362 268
24 77
114 412
383 15
312 429
35 323
257 91
226 361
440 166
210 41
100 228
367 27
150 248
181 236
137 383
352 185
158 202
335 35
241 49
121 75
233 433
317 307
130 215
406 361
24 285
40 85
374 197
422 266
98 28
127 192
369 318
67 197
176 247
302 219
268 93
60 272
299 206
76 382
66 417
405 60
243 246
24 252
193 359
212 171
374 352
430 237
86 317
112 147
290 134
34 426
262 400
138 170
278 118
82 443
153 84
88 81
330 442
189 70
175 325
262 361
29 159
263 164
406 309
193 319
332 334
343 422
340 195
289 82
273 222
443 409
381 304
92 303
290 180
301 214
217 104
349 314
255 249
443 272
429 201
429 87
52 357
12 136
289 259
197 402
241 417
242 58
279 318
39 357
64 361
294 115
165 400
76 64
368 125
401 87
10 146
220 210
246 80
261 182
303 376
168 231
391 196
270 207
340 363
192 369
149 47
346 402
329 313
99 328
425 124
241 343
139 440
81 178
42 220
351 5
408 416
409 1
14 107
203 324
57 376
324 9
233 158
317 195
17 195
23 114
252 41
316 108
123 375
271 429
218 231
69 101
241 239
155 293
206 369
365 409
345 72
258 11
119 193
175 127
80 158
97 278
28 146
445 165
437 436
336 104
11 437
393 50
178 182
164 244
165 259
201 197
426 30
210 332
110 382
228 308
37 436
335 60
305 128
272 86
401 79
314 336
155 306
70 441
270 365
329 37
359 397
164 424
412 222
284 331
370 145
133 204
276 117
372 443
428 399
400 260
61 381
395 21
61 182
208 333
374 69
408 270
316 114
409 179
409 181
75 145
84 320
144 408
144 343
167 330
188 309
220 369
254 131
233 370
145 309
361 362
58 248
69 303
104 143
172 196
240 178
124 337
133 437
269 236
110 23
268 43
382 290
414 119
183 422
126 241
54 93
443 145
312 43
304 334
242 237
128 371
246 130
277 398
229 159
291 155
278 247
148 332
56 336
49 12
363 185
265 348
164 25
398 145
139 108
291 101
156 435
232 413
381 23
73 154
374 244
158 224
445 89
21 160
133 96
149 155
103 82
160 305
330 429
419 368
3 351
357 427
104 36
340 51
368 234
353 425
147 323
140 325
112 261
130 198
180 401
274 1
433 442
369 100
301 418
114 212
178 104
357 387
47 342
375 436
158 305
255 69
312 41
397 338
174 243
426 72
56 255
123 245
315 277
246 429
244 39
233 44
425 41
394 224
309 196
15 67
239 276
199 50
385 376
136 185
373 216
9 356
440 343
196 106
313 158
434 221
270 433
383 317
179 268
427 439
249 134
321 367
216 442
170 395
89 31
9 442
180 393
402 431
239 443
268 49
17 73
357 253
429 351
295 425
233 281
437 429
241 255
250 310
232 410
29 397
147 343
51 400
82 139
125 291
30 271
126 12
388 392
101 337
389 269
51 240
165 436
23 344
410 208
281 303
233 103
274 269
142 267
16 124
229 344
423 49
36 205
246 353
195 312
275 24
98 223
130 427
352 370
149 164
269 27
226 186
89 321
377 76
164 32
8 297
279 20
104 290
324 412
166 391
7 147
81 410
61 413
259 145
214 284
385 15
25 166
236 320
304 95
242 24
358 426
45 198
369 26
281 60
308 173
324 154
232 401
80 425
13 93
345 147
349 149
159 132
378 381
12 350
102 396
143 371
366 277
268 254
258 128
400 312
22 197
199 267
208 125
350 301
405 269
94 333
267 307
179 59
54 85
130 65
366 33
366 97
413 284
183 220
328 397
34 240
8 435
417 17
433 164
274 163
205 54
408 79
148 428
38 400
339 274
44 260
14 267
235 445
369 257
83 152
78 110
332 259
22 137
25 346
304 310
339 267
355 70
22 275
31 296
308 61
42 251
106 368
47 118
134 382
137 327
290 182
166 146
295 257
66 106
116 9
76 432
56 382
373 293
202 130
212 249
103 191
336 135
400 103
182 95
101 418
238 299
222 425
112 9
373 413
2 134
264 391
176 283
356 49
171 290
335 355
268 412
406 51
373 68
116 410
124 320
291 270
153 227
434 264
174 50
297 133
81 188
139 371
441 41
179 402
386 137
59 47
126 405
70 134
386 127
88 246
202 19
403 367
372 133
409 234
225 37
181 61
74 256
260 270
232 26
419 441
6 310
184 411
131 20
357 76
38 410
390 228
248 330
234 265
134 364
353 85
366 334
114 284
399 83
230 105
270 183
200 339
171 354
345 38
358 148
374 294
369 377
147 79
392 214
20 212
327 291
195 121
436 193
178 299
236 70
382 146
231 399
110 46
182 291
316 268
388 296
38 237
266 14
336 102
271 96
303 66
379 193
249 111
160 187
160 376
114 269
95 414
114 59
192 119
429 180
81 97
181 260
167 196
168 98
233 441
330 387
32 263
308 303
61 355
206 89
271 189
405 73
428 3
285 341
188 358
32 261
102 78
204 238
330 113
338 90
243 395
82 97
31 328
261 346
224 265
273 234
381 421
233 408
194 133
170 142
253 278
376 90
231 418
1 428
2 180
355 117
11 345
152 383
433 241
133 4
151 402
152 112
307 62
31 382
172 282
280 263
201 354
58 423
17 38
199 388
41 262
33 209
443 195
139 209
116 384
222 173
217 442
39 265
30 115
104 377
384 160
55 389
418 102
264 176
74 437
399 88
174 215
237 278
262 103
69 323
271 196
193 261
3 109
39 5
289 271
107 43
16 248
110 52
4 265
150 63
249 392
238 157
265 159
298 438
30 289
269 63
79 335
43 290
219 382
416 433
14 33
322 372
247 23
420 314
23 144
268 51
361 352
23 292
93 127
218 117
433 415
253 66
134 344
395 416
199 299
44 96
147 383
401 313
401 102
54 375
80 26
27 370
114 16
426 400
153 232
263 153
433 97
406 322
125 124
35 188
41 286
433 219
124 99
287 128
420 77
311 408
91 285
175 198
193 44
363 86
275 278
175 421
299 318
428 427
346 353
296 422
27 95
440 207
57 344
304 61
237 186
95 140
171 386
91 211
270 149
248 218
206 377
44 206
368 313
211 234
412 327
253 88
382 432
428 386
288 181
213 368
365 406
345 70
439 210
270 27
257 293
75 49
195 343
439 421
267 271
60 16
111 243
373 406
17 371
243 334
390 96
382 291
401 434
35 421
189 212
209 120
185 72
56 132
59 368
269 352
119 403
26 207
204 197
254 151
279 179
19 398
55 347
13 125
127 169
187 285
219 107
144 214
400 88
364 113
316 226
162 401
170 30
102 2
369 188
163 200
435 101
129 412
31 230
186 31
184 183
361 198
401 47
157 54
254 363
156 204
19 16
35 330
152 330
162 298
312 259
411 280
332 391
281 390
209 32
31 271
318 44
427 299
241 237
36 225
73 218
334 417
174 8
441 107
17 305
191 432
252 96
203 260
180 105
221 144
290 12
135 14
40 154
208 174
407 346
49 197
276 403
302 445
168 385
114 243
444 173
202 389
211 32
411 254
252 280
251 151
1 321
59 167
419 411
337 211
333 221
240 424
437 32
420 442
7 203
95 31
86 90
391 324
202 236
408 228
246 422
397 262
64 333
305 113
243 271
227 181
281 87
57 326
76 293
187 280
436 218
404 297
98 8
424 201
374 435
220 64
384 416
372 101
163 363
412 1
403 204
324 303
282 410
266 109
437 98
45 379
304 276
396 160
342 38
112 166
146 38
2 237
329 110
64 160
179 156
413 213
349 65
86 403
252 36
415 122
277 306
81 208
254 160
111 74
72 406
394 304
91 412
387 80
28 280
319 407
174 220
125 330
268 91
394 38
138 24
333 235
170 336
362 368
90 394
318 294
92 111
113 91
36 23
254 305
333 127
435 355
186 116
229 391
204 206
41 40
84 316
237 98
141 362
353 324
82 352
91 295
24 33
95 357
421 443
408 41
57 227
274 202
209 35
379 154
165 39
277 34
404 231
381 441
178 391
310 402
333 388
188 325
370 169
404 142
387 320
184 283
158 327
148 284
54 413
434 437
295 10
88 24
398 22
388 208
221 56
31 114
207 129
120 90
97 212
164 324
9 418
277 370
92 216
196 320
254 390
74 272
321 232
24 243
198 52
244 10
303 417
35 273
134 22
67 329
425 330
331 28
2 229
108 355
338 31
443 396
336 143
113 49
104 192
42 326
43 99
201 420
59 231
202 320
369 167
138 311
180 394
55 312
410 339
130 206
3 231
10 167
136 53
130 330
437 417
383 344
273 214
252 421
121 23
441 80
384 286
306 15
81 334
287 8
374 424
242 305
258 249
71 408
420 215
406 198
25 171
336 95
423 159
166 177
111 10
170 376
142 112
218 7
15 91
407 97
153 264
288 136
161 399
85 337
387 83
53 384
267 123
323 269
355 4
358 307
389 191
51 42
176 108
250 343
134 116
355 197
157 129
213 25
229 442
310 73
407 425
215 259
361 257
84 318
60 25
348 346
13 402
441 150
148 192
78 437
256 210
335 33
228 159
65 158
404 151
11 123
69 357
386 222
388 82
217 322
382 80
428 101
291 360
362 439
243 96
16 67
31 211
178 424
172 102
192 253
367 93
170 169
110 330
329 95
443 227
22 353
378 65
388 174
349 435
233 293
144 81
361 50
147 2
153 423
237 325
232 161
54 405
279 164
441 149
256 271
89 141
300 240
89 291
133 396
397 259
18 224
294 238
185 256
7 404
313 105
153 170
39 29
279 105
91 275
176 332
317 24
345 320
74 53
356 143
147 364
275 342
33 32
12 71
128 171
63 278
342 228
414 146
326 183
182 307
115 107
176 98
248 375
364 387
354 355
138 274
440 132
235 370
443 315
226 336
222 287
107 31
249 432
244 365
283 180
206 323
274 204
253 399
362 74
421 235
388 219
35 352
211 399
144 416
69 435
325 33
268 335
411 84
146 293
240 257
29 207
424 412
414 34
105 60
178 208
179 371
150 443
299 314
18 415
253 292
43 170
162 306
352 182
95 209
225 129
435 92
440 151
254 217
222 117
391 339
28 165
440 38
251 30
345 342
262 263
384 275
295 158
43 113
235 424
71 152
161 39
386 315
8 312
19 167
243 142
133 170
100 56
224 364
353 437
112 38
28 151
142 101
439 141
445 334
375 66
133 402
265 47
325 246
403 320
199 316
227 94
383 250
302 323
237 103
296 426
241 7
126 166
305 241
93 348
146 66
392 97
46 416
427 279
2 68
70 425
338 203
71 298
16 352
48 318
316 172
427 370
136 379
285 352
105 81
207 216
95 274
208 55
127 51
328 333
369 41
417 35
24 80
404 255
192 143
99 50
316 215
241 405
303 43
27 224
121 344
88 177
305 444
293 160
320 15
24 189
260 143
38 148
398 248
97 317
275 263
96 170
306 170
345 47
153 117
108 325
338 233
184 204
83 383
244 384
11 274
418 347
410 323
192 172
355 62
115 51
232 159
378 181
81 261
412 166
5 229
177 361
214 362
67 120
118 215
102 205
21 76
116 106
270 122
367 369
255 357
244 316
348 44
143 91
42 58
290 338
109 203
190 152
226 356
424 144
261 131
270 45
424 179
383 9
335 429
355 305
159 225
272 163
353 171
130 325
375 25
62 210
188 250
184 1
251 334
379 437
43 394
172 4
75 254
4 435
280 179
117 309
26 430
111 299
237 225
1 22
180 14
215 135
205 213
129 177
71 260
69 356
314 259
432 128
199 323
382 158
425 28
268 92
237 274
211 409
331 332
172 284
17 75
211 231
142 125
231 331
35 133
290 409
384 99
301 94
396 34
413 115
341 276
292 138
112 130
18 312
161 288
282 263
93 27
241 337
71 372
195 361
421 52
5 390
44 316
375 405
18 379
149 440
63 168
225 172
184 22
339 324
205 271
260 127
319 76
314 178
161 10
145 422
229 178
371 229
323 219
166 171
308 72
392 143
123 37
215 171
162 113
394 372
55 156
333 242
4 171
215 353
58 303
186 256
96 142
51 275
268 250
362 155
325 77
261 354
158 281
144 345
82 376
364 389
165 176
13 171
207 415
254 352
57 428
244 380
171 255
413 436
136 76
80 308
437 335
176 89
316 95
79 384
405 424
428 323
251 392
232 79
181 245
74 373
226 239
89 135
256 12
235 142
146 238
340 268
164 61
117 407
294 353
320 301
341 375
230 92
29 170
366 314
292 147
116 431
182 99
20 445
71 190
53 180
183 50
189 423
176 440
410 98
359 119
372 130
108 11
114 200
93 387
236 91
434 158
261 38
245 413
139 265
189 291
271 287
119 412
286 192
1 312
177 333
332 96
111 337
313 69
336 247
251 247
281 197
419 283
268 36
255 315
337 150
196 93
268 88
303 327
95 422
423 123
387 370
324 207
192 116
291 307
293 215
434 193
306 225
214 442
311 153
171 231
317 434
325 116
418 409
316 402
98 309
37 394
79 208
360 442
80 15
268 81
260 308
392 133
348 342
41 405
26 94
255 227
157 252
420 57
7 134
157 424
342 229
306 62
160 156
82 222
57 360
307 258
285 239
383 35
279 260
256 342
395 73
35 178
264 151
212 22
434 359
69 102
316 188
267 293
76 283
82 40
283 75
91 414
60 425
41 427
76 12
373 133
234 324
399 325
85 141
377 419
435 268
192 80
172 333
32 313
218 420
444 324
214 2
10 384
134 405
392 371
333 273
363 76
370 300
335 76
394 110
220 171
121 318
330 268
200 121
89 421
78 170
228 286
360 406
178 280
52 271
423 161
267 369
82 353
35 292
350 381
389 411
372 403
94 59
122 412
323 371
95 201
233 133
124 214
159 443
102 421
219 370
106 344
64 332
24 296
175 40
96 292
231 15
321 100
50 216
361 277
62 392
22 411
296 6
241 279
18 46
284 416
433 28
287 366
31 228
349 18
284 209
442 43
191 14
323 25
378 259
387 314
130 3
428 413
4 128
266 342
267 444
410 47
286 74
299 120
278 340
47 429
210 295
128 411
143 399
301 116
391 94
351 338
286 120
437 168
258 95
65 99
161 218
428 84
216 218
63 252
202 326
16 160
218 106
51 380
86 331
265 43
352 222
342 190
34 328
185 250
282 83
36 436
42 336
269 347
211 39
390 212
326 299
40 12
355 218
181 406
46 185
274 23
225 10
126 299
101 77
202 64
356 329
171 51
403 48
1 280
59 299
404 171
359 442
218 315